255.29098666666667
254.74725333333345
255.53973333333357
254.72079999999949
255.25530666666668
254.78170666666588
254.93706666666665
254.67440000000084
255.26245333333392
254.70261333333403
254.91685333333342
255.0928533333334
254.79429333333275
255.2452799999998
255.0225066666667
255.045013333335
255.1448533333342
255.0604266666674
254.89600000000112
255.31013333333252
255.1258666666654
254.9666133333353
255.06885333333324
254.89477333333292
254.83749333333319
255.00373333333377
254.5434133333328
254.92485333333326
254.97349333333435
254.94031999999964
254.92010666666542
255.16389333333302
254.58597333333302
254.6396266666665
254.9130133333329
254.87621333333308
254.9068800000001
255.0372266666658
255.14298666666625
255.21525333333273
255.134720000001
255.00362666666675
255.3262933333341
255.37381333333255
255.46480000000088
255.0671466666671
255.01087999999962
254.91434666666729
255.0158399999992
255.2399999999982
255.36880000000048
255.05322666666652
254.61119999999912
255.1500799999999
254.86794666666682
255.5190400000018
254.931626666667
254.8194666666647
255.09381333333425
254.74885333333327
254.59008000000097
254.68186666666674
255.3180800000011
254.86847999999895
254.8950933333339
254.58709333333266
254.53424000000106
254.84528000000032
255.20805333333547
254.81359999999978
255.3335466666657
254.26751999999956
254.74944000000087
254.99535999999978
254.9244800000008
255.1131199999989
255.0311466666666
255.09269333333341
254.8921599999994
255.1834666666675
254.74517333333426
254.80213333333376
254.92976000000004
254.78117333333282
254.99914666666723
255.09168000000003
255.1532799999998
254.6334933333332
255.0473066666674
254.8685866666664
254.7762666666652
255.40288000000044
255.2178666666655
255.2061333333335
255.28026666666665
254.93605333333434
255.1490133333347
254.7087999999994
254.85109333333395
255.16672000000057
