3.8843 6.0375
3.9601 6.1219
4.0852 6.0719
3.9220 5.9531
4.0095 6.0875
4.0118 5.9781
3.9516 6.0219
4.1855 6.0125
3.6889 6.2984
3.9807 6.0018
4.0089 5.9531
4.1033 6.0375
3.7304 6.0719
4.0071 6.3401
4.0765 6.3271
4.0032 6.1219
3.9392 6.0031
4.0886 6.0875
3.9895 6.0875
4.1425 6.0125
4.0679 6.0719
3.9081 5.9531
3.9918 5.9125
3.9674 6.0719
4.0087 6.2776
4.1198 5.9969
4.0696 5.9625
4.0120 5.9625
4.1542 6.0719
4.0013 5.9125
4.0292 6.1125
3.9941 6.1942
4.0440 6.1375
4.0185 6.0625
4.0010 5.9875
4.1592 6.0719
4.0708 6.1125
4.1533 6.0719
4.0448 6.2072
3.8943 6.1396
4.1115 5.9375
3.8645 6.0375
3.9242 6.0031
4.0986 6.0375
4.0094 6.0719
3.8163 6.0969
3.9852 5.9875
3.9082 6.1375
3.8251 6.1469
3.8708 6.0875
4.0398 6.0031
3.9485 6.1719
4.0253 6.1375
4.1037 6.0625
4.0307 6.2229
3.9636 5.9469
4.0102 5.9961
3.9948 6.2021
4.0049 6.1219
4.0496 5.8436
4.0393 6.0031
3.9088 6.0031
3.8438 6.0125
4.1538 5.9625
4.0636 5.9125
3.9012 6.0469
4.0274 6.0281
4.0375 6.0375
4.0023 6.0875
4.0167 6.1469
4.0306 6.2151
4.0808 5.9375
4.0821 5.9125
4.0950 6.0219
4.1871 6.0531
3.9086 5.9936
4.0974 5.9875
4.1395 6.2021
4.0650 6.1604
4.0229 5.9674
4.0767 6.0625
4.0072 6.0219
4.1399 6.0375
4.1338 6.0875
3.9272 5.9531
4.0341 5.8625
3.7315 5.9531
4.0765 6.1375
4.2144 6.0875
4.1389 6.2725
4.0853 6.0375
4.0373 6.0625
3.9813 6.0469
3.9464 6.0469
4.0677 6.0375
4.0849 6.2308
4.0407 6.0125
3.9051 5.9281
4.0676 6.0219
3.8706 5.9781
4.0088 6.1219
4.1832 6.0469
4.0085 5.9281
4.1990 6.0719
3.6846 5.9031
3.9454 5.8281
4.0869 5.9436
3.9809 6.0375
4.0520 5.9531
3.8459 6.1219
3.9524 6.0125
4.0030 5.9625
3.8908 6.0531
3.9505 6.0875
4.0365 5.9219
3.9908 6.0719
3.9765 5.9719
3.7693 5.9531
3.9496 6.0719
4.0734 5.9531
3.8525 6.0875
3.9030 5.9686
3.9884 6.1604
3.8890 6.0469
4.1210 5.9875
4.0289 6.0531
3.9435 6.2202
3.8043 6.0625
3.9652 6.2359
3.9448 6.0125
3.9543 5.9781
3.9538 6.0219
3.9898 6.0219
4.1258 5.9969
4.1499 6.1219
4.0185 6.3609
4.0150 6.0625
3.9814 6.1864
3.9694 6.0875
4.1392 6.0375
4.1393 6.2280
3.9421 6.3063
4.0420 6.1125
3.9635 5.9281
3.9411 6.2438
3.9681 6.0219
3.9458 6.0125
4.1922 6.1447
3.9851 6.2646
3.9067 6.0469
3.8930 5.9719
4.1325 6.1813
4.0785 6.0625
3.9700 6.0219
3.9485 5.9436
3.9637 6.0125
4.0519 5.9686
4.0000 5.9686
3.8746 6.0125
4.0191 6.2567
4.2438 6.2646
4.0444 5.9186
4.1852 6.0719
3.8882 6.0125
4.0055 6.0281
3.8034 6.0469
3.8870 6.1375
3.9658 6.0969
4.1751 6.0719
3.9379 6.0969
4.0297 5.9531
3.8243 5.9969
4.1292 6.0781
3.9936 6.2219
3.8922 6.0625
3.9013 6.0969
4.1034 5.9531
4.0370 5.9625
4.0648 6.2776
3.9226 6.1469
3.9416 6.0219
4.0461 6.0625
3.9393 6.0031
4.0448 5.9969
3.9653 6.0969
4.0472 5.9875
3.8441 6.0469
4.0505 6.0219
4.0936 5.9625
4.0010 6.0469
4.1293 6.2125
4.0162 5.9781
4.0412 5.9781
4.1104 5.9875
4.0437 6.0625
4.0399 6.0469
4.1528 6.0875
3.8490 6.0469
4.1414 5.8875
4.1448 6.0186
4.0043 5.9875
4.1131 6.2151
4.0554 6.1125
3.9883 6.0375
4.0075 6.0125
4.0242 6.1219
4.0241 6.0281
3.9321 6.2646
3.8891 5.9625
4.1909 6.1219
4.0160 6.3271
3.8882 6.0031
3.9147 6.0219
4.0565 5.9375
3.8857 6.2933
3.9609 5.9281
3.9309 6.1469
3.9317 6.0625
4.0586 6.0281
4.0525 6.0719
4.0340 5.9969
4.0709 6.0969
3.9911 5.9531
4.0397 5.9125
4.0619 5.9625
3.8729 5.9531
4.0019 6.1281
3.9952 6.0469
3.9595 6.0625
3.9675 5.9719
3.9497 6.1625
3.8508 6.0125
3.9521 5.9531
4.0370 6.0625
4.0420 6.2933
4.0285 6.0625
4.1064 6.0469
3.9323 6.1969
4.0391 5.9531
4.0632 6.2854
3.9980 6.1219
4.0798 6.0875
3.7974 6.0625
3.8867 5.9281
4.0604 6.1219
3.9733 5.9781
4.1573 6.3063
4.1179 5.9281
4.1175 6.0125
4.0362 6.0719
3.8843 6.0969
3.9462 6.0375
4.1086 6.0219
4.0065 5.8625
3.9161 5.9875
3.9760 6.1125
4.0658 6.0875
4.0386 6.0719
4.1114 6.0969
3.9220 6.2151
3.9646 6.0625
3.8574 5.9875
4.0396 6.0469
4.0295 6.1125
4.0541 5.9031
4.0188 6.1469
3.8601 6.0625
4.0001 5.9969
4.1571 6.0875
3.9800 6.0031
4.0503 6.1942
3.9281 5.9281
4.0844 6.2854
4.0538 6.3141
3.9799 6.0719
3.8392 5.9531
4.0040 6.1864
4.1473 6.2516
4.0392 6.0469
4.0423 6.0125
4.1003 6.0031
4.1308 6.0125
3.8793 5.9531
3.9303 6.1891
4.0335 5.9186
4.0864 6.2725
4.1548 6.0969
4.1931 5.9531
4.0072 6.1219
4.1569 5.9969
3.8925 5.9469
4.0930 6.0219
4.0156 5.9531
3.9390 6.0969
3.9810 6.0781
4.0089 6.1655
4.1338 6.1125
3.9607 6.1219
3.9732 6.2229
3.9700 6.0625
3.8727 6.0875
4.1359 6.0625
4.1239 6.2151
3.9874 6.1219
3.9493 6.3192
3.9720 6.1281
3.9123 6.0219
3.9941 6.2984
4.0392 6.0719
4.0072 6.0875
4.0389 5.9686
4.0102 5.9436
3.9749 5.8625
3.9916 5.9186
4.0054 6.1969
3.9463 5.9875
3.9991 5.9875
3.8943 5.9625
3.9027 6.1942
4.0957 6.2151
4.0750 6.1469
4.0057 6.0969
4.1700 5.9625
3.8647 6.0969
4.0463 5.9125
4.0439 5.9281
3.9384 6.0219
4.0317 6.1125
3.8908 5.9625
4.0033 6.0125
4.0082 6.2646
3.9608 5.8936
3.9016 6.0375
3.9113 6.2567
4.0281 6.2516
4.0066 6.0281
3.9613 6.0875
4.0341 6.0125
3.9684 5.9781
3.9380 6.1469
4.0733 5.9781
3.9861 6.0625
4.0949 6.2646
3.9441 5.9531
3.7770 6.1942
3.8691 6.1469
3.9315 6.0781
3.9775 5.9375
3.7903 6.2646
3.9083 6.0375
4.0547 5.9969
3.8413 6.2469
4.1495 5.9936
4.0455 6.3063
4.0878 6.0625
4.0060 6.1219
3.9726 5.9281
4.0919 6.2359
4.0381 6.0969
3.9411 6.0625
3.8965 6.1219
4.2032 6.0625
4.0931 6.0125
4.1627 6.2308
3.8572 6.0281
4.0347 6.0875
3.9767 6.1469
3.9713 6.2516
4.0836 6.0531
4.1113 6.0219
3.9877 6.0281
3.9934 6.0375
4.1252 6.0375
3.9877 5.9781
4.0006 6.0219
4.0122 6.0219
3.9375 5.9875
3.8555 6.1219
4.0648 6.3271
3.9110 6.2438
4.1991 5.9625
4.0387 6.0031
3.8866 6.0469
4.0704 5.9436
4.0510 6.0125
3.9712 6.0719
4.0301 6.0375
4.0114 6.1219
3.9988 6.0469
4.0461 6.0031
4.0849 6.1469
4.0341 6.0219
4.0224 5.9219
4.0617 6.1604
4.1362 6.0969
4.0439 6.0952
3.8294 6.1125
3.9871 6.0469
4.1018 6.0969
3.9747 5.9875
4.0190 6.0625
3.8905 5.9875
4.1431 6.0719
3.9600 5.9531
3.8803 6.1469
4.0960 6.0031
4.0440 5.8592
3.9825 6.0625
4.0280 5.9531
3.8272 5.8686
4.0401 6.3271
4.0309 6.0875
4.0427 5.9281
4.0372 5.9531
3.8255 5.9686
4.1134 6.0875
3.9204 5.9281
4.0025 5.9719
3.8572 5.9625
3.9268 6.0531
3.8901 6.3766
3.9528 6.0625
4.0706 6.0375
3.9938 6.0719
3.8060 5.8686
4.1168 5.9281
4.1135 6.0375
4.0563 6.0469
4.0279 6.2646
3.9586 6.3558
4.1538 5.9875
4.1903 5.7686
4.0785 6.0875
4.1753 6.0281
4.0408 6.1625
4.0224 6.0219
4.0056 6.1125
3.9673 5.8781
3.9146 6.2516
4.0091 6.0625
3.9821 5.9781
4.1807 6.1719
3.9165 5.9781
3.9950 6.2308
3.8686 6.1625
3.9521 5.9875
4.1628 6.1469
4.0158 6.0719
4.0084 6.0719
4.0645 5.9281
4.0776 6.0719
3.9712 6.2646
4.0467 6.0219
4.0627 6.0031
3.9475 6.1469
4.0983 6.2229
4.0555 6.0719
4.0335 6.0719
4.0503 6.0219
4.1034 5.9781
4.1470 5.9781
3.9085 6.0219
4.1188 6.2151
4.0729 6.1219
4.0867 6.3141
3.8257 6.1469
3.9592 6.0375
4.0684 6.1469
3.8222 6.0719
3.8300 6.0375
4.0420 5.9375
3.8277 6.0719
4.0663 5.9969
4.0731 5.9719
3.9602 6.1734
4.1355 6.3479
4.1167 6.0969
4.1699 6.0625
4.1361 6.0969
4.0508 5.9625
3.9354 6.0219
4.0931 6.0781
4.0093 5.9875
3.9312 6.0469
4.0683 6.0969
3.8759 5.9281
4.1212 6.0719
4.1219 5.9936
3.9015 5.8781
3.8850 5.9436
3.9533 6.3271
4.0666 6.0469
3.9418 5.9969
4.1035 6.0031
3.9734 6.0125
4.0196 5.9469
3.9270 6.0625
4.0447 5.9875
3.9940 6.0719
3.9760 6.0125
