255.10474666666687
254.8860266666673
254.64864000000026
254.79429333333354
254.691253333333
255.1614400000008
254.70464000000072
255.36191999999932
255.35333333333392
255.2132266666666
255.06511999999987
255.26821333333413
255.05866666666623
254.76271999999938
254.49957333333361
254.6086095238112
254.86864000000008
254.9134400000007
255.18890666666664
255.07002666666676
254.85546666666605
255.19237333333274
255.2361066666666
255.11311999999955
255.11295999999996
254.9637866666662
254.86922666666646
254.6034590476181
254.85434666666723
254.88037333333412
254.7939199999997
254.81994666666546
255.1575466666667
255.01045333333323
254.93663999999842
254.7649066666666
254.96878476190423
255.178026666667
254.70490666666703
255.07061333333385
255.30400000000074
255.29439999999948
255.01093333333432
254.7124799999992
254.98906666666568
254.98778666666536
254.7433600000001
255.07690666666628
254.63274666666678
254.7165866666676
255.25167999999985
254.8843733333334
255.20581333333206
254.7431999999995
254.94869333333224
255.21621333333425
255.01914666666678
254.91370666666631
255.1380266666655
255.4376000000006
255.01930666666772
255.02735999999967
254.630506666668
255.0117333333335
255.1795199999999
254.97952000000132
254.94016000000005
254.6925333333328
254.84229333333354
254.90208000000013
254.7661333333341
254.73946666666646
254.98352000000128
255.25082666666722
254.89338666666634
255.29173333333367
254.79439999999968
255.08824380952353
255.1842666666675
255.0090666666667
255.37082666666782
254.64719999999917
255.33381333333324
254.89477333333357
255.27114666666634
254.97285333333411
255.69029333333503
255.2789866666662
254.69122285714312
255.2203200000006
254.75615999999974
255.3519466666664
254.58085333333338
255.3606400000005
255.0222399999991
254.96565333333328
254.60538666666545
254.83698285714053
255.07285333333272
255.0278933333342
