4.1022 6.0969
3.8623 6.0125
4.0971 6.0125
3.8918 6.0625
3.9923 5.9875
3.9953 6.0875
4.0129 6.2854
4.0429 5.8436
4.0454 6.1526
4.0757 6.2725
4.1215 6.1219
4.0741 5.9436
4.1047 6.0186
3.7493 6.1969
3.9281 6.0219
4.0930 6.0219
3.9670 5.9531
4.0850 6.0719
3.9480 6.1719
3.9669 6.3271
3.8802 6.0469
3.8680 5.9375
3.9275 6.0219
4.0402 6.2438
4.0003 5.9625
4.0325 6.3401
4.0530 6.0969
4.0428 5.9375
4.0224 5.9281
4.0801 5.9625
4.0680 6.0781
4.0192 5.9969
3.9483 5.9625
3.8766 5.9531
3.9759 6.1864
3.9617 6.0125
4.0264 5.9625
4.0724 6.1447
3.9916 5.9281
3.9912 6.0219
3.9093 6.0719
4.0671 6.1125
3.9945 6.0969
4.0352 6.0531
4.0116 6.0375
4.0750 6.2489
4.0742 6.0719
4.1117 5.6952
3.9032 6.0875
4.0452 5.9625
3.9418 6.1396
4.1146 6.0719
3.9267 6.1719
4.0344 5.9936
3.8613 5.9875
3.9282 6.0531
3.9018 6.0219
3.9328 6.2567
4.1454 6.0625
4.0718 6.0469
3.9644 6.0531
4.0911 5.9281
4.0026 6.0969
4.0675 6.2021
3.9448 6.0125
3.9444 6.0969
3.9800 6.0469
4.0832 6.0219
4.1180 6.0125
4.1249 6.3271
4.1305 6.2933
4.0181 6.0469
3.9046 5.9875
4.0934 6.0219
4.0674 6.0375
3.9344 5.8936
4.0961 5.9625
4.1819 6.1891
4.0182 5.9531
4.1148 5.9781
4.0191 6.1469
3.9387 6.0719
4.1031 6.0375
3.9007 6.0375
4.0592 6.1219
4.0543 6.0125
4.0492 5.9436
4.0178 6.0031
3.8374 6.0219
4.0253 6.0781
4.1111 6.0031
3.9441 6.0969
4.0423 6.2359
4.0774 6.2776
4.0666 6.0719
4.1316 6.1469
3.9346 5.9625
4.0900 6.2854
4.0328 5.9125
3.7403 5.9875
3.8979 5.9125
4.0569 6.0625
3.9511 6.1625
3.9966 6.3271
4.0155 6.2725
3.8765 6.1469
3.9187 6.0375
3.9418 5.9781
3.9394 6.0375
4.0594 6.1734
4.0167 6.3766
4.0167 5.9686
4.0916 6.0219
4.1291 5.9936
3.9128 6.1125
4.0221 6.2359
4.0315 6.0219
3.9207 5.9531
4.0464 6.0875
4.1428 6.0531
3.9088 6.0281
3.9785 5.9719
4.1289 6.2021
4.0476 5.9875
3.9826 6.0719
3.9396 6.0219
3.9613 5.9625
4.0780 6.2516
3.9968 6.0875
4.0078 5.8436
3.9375 6.0469
3.9828 6.1469
4.0333 5.9625
4.0885 6.2359
4.1668 6.3141
3.9855 6.1734
3.9939 6.0125
4.1117 6.0469
3.9394 6.3063
3.9593 5.9781
3.9394 6.0125
3.9679 5.9781
3.9120 6.0875
4.0292 6.1125
3.9482 6.0375
3.9938 5.9625
4.1389 5.9781
4.0735 5.9969
4.1588 6.0125
4.0767 6.2438
3.9074 6.1125
3.9117 6.0719
4.0135 6.1734
3.8842 6.0281
4.1547 6.0625
4.0783 6.2280
4.0760 6.2646
3.9475 6.2438
3.8950 6.0375
4.0586 6.1604
3.8894 5.9531
4.0318 6.0219
3.8774 5.9875
3.9560 5.9719
4.0675 6.3817
4.1018 6.1125
3.8669 5.9969
4.1077 6.2933
4.0514 6.2646
3.9851 6.0969
4.0070 6.0719
4.0656 6.1447
3.8430 6.0469
4.0449 5.9531
4.0243 6.0375
4.0172 6.0875
3.9022 5.9875
3.8731 6.2280
3.9117 6.0875
3.9275 6.0469
4.0880 6.0719
3.9289 6.2854
4.0913 6.2725
4.0138 6.0625
3.9890 5.9436
4.0418 5.9875
4.0612 6.0625
4.0994 6.0969
3.9949 6.1219
4.0436 6.0781
4.0755 6.2646
4.1122 6.3558
3.8274 6.0186
4.0285 6.1031
4.0423 6.1942
3.9099 6.0125
4.0692 6.0125
3.7956 6.0375
3.8404 6.3975
4.1602 6.0719
4.1419 6.0219
3.8812 5.9719
3.9656 6.1469
3.9585 6.3401
4.0667 6.0375
4.1034 6.0118
3.9081 6.1125
4.0544 6.0781
4.0681 5.9186
3.8662 5.9625
3.9577 6.1719
4.0865 6.0719
4.0686 6.0125
4.0668 5.8936
4.0511 5.8268
3.9404 6.0469
4.0114 5.9125
4.0148 6.0875
3.9411 6.0375
4.0691 5.9375
4.0994 5.9531
4.1280 5.9469
4.0134 6.0875
3.8254 6.0469
3.8930 5.9625
4.0887 5.8031
3.9898 6.0625
3.8511 6.0375
3.7845 5.9924
3.9667 5.9031
4.0805 6.1734
3.9976 6.0031
4.0503 5.9875
3.8687 5.7812
4.0833 5.9781
3.9930 6.0125
3.9860 6.2219
3.9479 5.9875
4.0380 5.9875
4.0450 5.9875
4.0838 6.3479
4.0383 6.0969
3.9206 6.1219
3.8953 5.9781
4.0094 6.0875
3.9718 6.0281
3.9147 6.0719
3.8440 6.0625
3.9793 6.0125
3.9529 6.1469
3.9054 6.1219
3.9082 5.9281
3.9917 5.9781
3.8502 6.0469
4.0950 5.9531
4.0019 6.0375
3.9678 6.2776
4.0313 5.9781
4.1419 5.9875
4.0300 5.9781
3.9804 6.0219
3.9458 5.9719
4.1159 6.3766
4.0919 6.0375
3.9010 6.1219
3.8765 6.0469
4.0860 6.2280
3.9455 6.2359
4.0421 6.1125
3.9611 5.9875
3.7651 6.0125
4.1038 6.1317
4.0313 6.0719
3.9998 6.1969
4.0144 6.3975
3.9841 6.1891
4.0510 6.2438
3.9831 6.1469
4.0656 6.2125
3.9957 6.2854
3.9794 6.0375
4.1567 6.0125
3.9986 5.9875
4.0780 6.2229
4.0131 5.9031
4.1579 5.9469
3.9850 5.9875
4.0778 6.0665
3.9364 6.0031
4.0899 6.1219
3.9568 6.0875
3.9985 6.0719
4.1893 6.1719
3.9493 6.1219
4.0114 5.9625
3.9979 6.2776
3.9230 6.0719
3.9651 6.1969
4.1156 6.0469
3.7533 6.0875
4.1576 6.0469
3.9889 6.0969
4.0076 6.1734
4.1047 6.0875
4.1001 5.9969
3.9822 6.0719
3.9523 6.1219
4.0224 6.2854
3.9599 6.1219
4.1254 6.2516
3.9996 6.0125
4.0457 6.0875
4.0034 5.9625
3.8963 6.0719
4.0737 6.3558
4.2049 5.9875
4.0812 6.0875
4.0535 6.3558
3.9732 5.9625
4.0576 6.0375
4.0575 5.8592
4.0918 6.2984
4.0801 6.0219
3.8891 6.0969
4.0433 6.0469
3.9319 6.0125
3.9998 6.1219
4.0143 6.0781
3.9795 6.1125
4.1250 6.1469
3.7694 6.0625
3.9454 6.0031
3.9484 6.2725
3.9392 6.0125
3.8693 6.0125
4.0017 6.1942
4.0367 5.8469
4.0730 6.3063
3.9663 6.2489
3.9335 6.0969
4.1022 6.0281
4.0920 6.0375
4.0216 6.1219
4.1786 6.0469
4.0329 6.0625
3.9080 6.1125
3.9678 6.0719
3.9784 6.2438
4.1077 5.9875
3.9318 5.9625
4.0709 6.1219
3.8852 6.0469
4.0076 6.0469
3.9172 6.1969
3.9730 6.0719
4.0158 6.0719
4.0539 6.1290
4.0542 6.0625
3.9501 6.0125
4.0678 6.1030
4.1048 5.8842
4.0260 5.9342
3.8676 6.1469
3.8722 6.1219
4.1205 5.9625
3.9819 6.0469
4.0293 5.9625
3.9989 6.2438
3.9347 6.3350
4.1424 5.9469
4.1571 5.9031
4.0160 6.0531
4.1365 6.2725
4.1271 6.0125
3.9646 6.0031
4.1882 6.0375
4.0417 6.2072
4.0962 6.0719
3.9995 6.0469
3.9586 6.1469
3.9953 5.8092
4.0394 6.0219
4.0464 5.9469
4.1551 5.9625
4.2489 6.0375
4.0492 6.0281
3.9563 6.0969
3.9820 6.0375
3.9844 6.1813
4.0593 5.9936
3.9963 6.0875
4.1223 5.9875
4.0640 6.0375
3.9055 6.0281
4.1289 5.8875
4.0075 5.9625
3.9355 6.2933
3.9755 6.1655
4.0765 6.0531
4.0111 6.0665
3.8324 5.9719
4.1105 6.0822
4.0324 5.9592
3.9793 6.1219
3.9555 6.0469
4.1199 6.0719
3.8752 6.0875
3.9098 6.0219
4.0961 6.0125
3.8492 5.9875
4.0607 5.9436
3.8662 5.9781
3.9700 6.1469
3.9915 6.0281
4.0933 6.0531
3.8961 5.9969
3.8881 6.0781
3.9792 6.0625
4.0719 5.9625
3.8787 5.8936
4.1528 5.9031
4.0131 6.0719
4.0179 5.9625
3.9728 5.9375
3.8625 6.0875
3.9021 6.2725
4.0706 6.0281
4.1014 6.3063
4.0056 6.3350
3.9921 6.1219
4.0363 6.0125
3.9341 6.1219
4.0056 5.9031
4.1816 6.2567
4.1872 6.2021
3.9559 6.1469
3.9708 6.3766
3.8374 6.0375
3.8892 6.1625
4.0819 6.0219
4.0910 5.9625
3.9709 6.1469
3.8983 6.1219
4.0285 6.0969
3.8271 6.0969
4.2140 6.0719
4.1074 6.0375
3.9947 6.2646
4.1032 6.0469
4.0043 6.0031
3.8814 6.0875
4.1079 6.1375
3.9834 6.0875
3.8887 5.9719
3.9861 6.2646
3.9689 6.0875
4.0176 6.1625
4.1108 6.0219
3.9722 5.9219
4.0247 5.9375
3.9412 5.9018
4.0499 6.0219
3.9152 6.0281
3.9476 6.0719
4.0865 6.0531
3.8587 6.0719
4.0734 5.9781
3.9865 6.1475
3.9890 6.0469
3.8223 5.8936
3.9385 6.3479
3.8940 6.1375
3.9942 6.2021
4.0431 5.9375
4.0712 6.0125
3.9292 6.0469
3.9180 5.9375
4.0836 6.1734
4.0989 6.0469
3.9301 5.9469
3.8553 6.0375
4.0530 6.0625
4.0192 6.1469
3.8448 5.9781
3.8127 5.9875
4.1025 6.0719
3.9352 5.9781
4.0970 6.0969
3.9767 6.0531
3.9621 6.0375
4.0092 6.0719
3.9681 6.1469
4.0180 6.3401
4.0916 5.9719
3.9274 6.0969
3.9460 5.8686
3.9469 6.3479
4.0406 5.9186
4.0129 6.2438
3.9847 6.3558
